0,123,98,393,227,110,183,51,124,38,49,23,5,8,74,69,123,16,192,63,27,71,305,38,482,89,54,52,115,4,22,116,39,40,19,101,213,47,30,232,214,982,47,39,454,61,374,2,42,1,16,0,14,41,1,46,0,2,0,7,20,12,88,1,6,0,56,13,12,15
123,0,146,161,95,0,37,59,106,28,0,9,21,30,26,3,82,40,83,14,10,96,77,6,109,36,42,103,4,0,37,60,4,13,65,61,146,44,10,107,148,649,33,1,153,9,188,14,13,0,0,6,0,0,6,3,24,0,11,45,0,7,105,0,0,0,12,0,0,0
98,146,0,341,39,0,171,30,79,2,23,17,18,39,24,0,93,19,146,32,26,22,29,0,110,51,76,121,68,2,4,114,34,16,36,10,187,34,3,103,300,621,30,0,128,0,119,40,0,0,0,35,32,15,11,0,0,4,0,5,3,23,61,7,3,26,0,0,0,0
393,161,341,0,201,181,256,267,295,80,112,108,173,125,125,16,125,47,196,176,88,98,301,109,456,31,73,119,91,26,15,141,87,33,124,115,327,30,88,177,458,1023,60,16,467,71,322,27,60,13,13,57,120,18,27,22,5,37,20,55,3,11,160,61,0,63,50,27,31,22
227,95,39,201,0,94,108,39,106,6,8,65,17,9,67,4,38,15,69,18,66,110,197,0,448,13,56,52,19,0,0,77,7,19,12,23,168,26,0,95,292,810,23,22,150,18,214,60,19,8,0,23,0,0,6,2,5,13,22,10,0,13,87,0,0,11,0,8,0,4
110,0,0,181,94,0,81,19,13,18,25,30,0,6,19,18,20,3,25,1,24,50,34,24,280,44,39,0,26,0,15,43,26,6,21,15,67,4,23,28,117,416,19,14,152,8,110,7,44,0,0,17,6,0,3,0,3,0,0,0,0,0,28,0,9,20,0,0,0,0
183,37,171,256,108,81,0,164,125,36,66,110,60,126,66,67,144,89,118,56,89,45,163,34,352,73,42,88,20,0,11,57,87,25,34,68,176,25,19,181,293,839,38,33,150,5,169,21,0,0,66,32,58,15,13,9,0,25,16,14,28,50,76,0,9,3,15,18,18,22
51,59,30,267,39,19,164,0,57,8,33,21,85,28,31,16,63,28,77,24,22,28,139,0,203,52,108,103,47,6,10,72,4,12,33,14,204,56,52,189,305,874,15,33,183,11,230,0,39,32,7,105,72,0,21,8,0,0,0,19,0,0,98,0,0,52,3,0,28,14
124,106,79,295,106,13,125,57,0,68,26,50,118,48,37,5,43,29,288,87,16,24,85,0,201,65,124,198,122,16,18,220,0,24,33,63,341,33,0,238,409,975,39,8,288,46,235,45,21,11,0,64,49,0,74,0,20,25,11,9,0,0,136,0,0,5,29,38,36,6
38,28,2,80,6,18,36,8,68,0,1,22,37,110,12,0,6,9,233,61,0,30,0,0,126,52,34,107,32,13,2,19,10,36,32,47,119,26,0,147,149,630,2,0,105,0,175,4,17,0,8,19,17,0,5,24,0,22,0,21,0,1,42,5,0,0,0,0,0,0
49,0,23,112,8,25,66,33,26,1,0,101,5,0,104,23,55,0,62,4,81,92,219,0,595,32,27,13,0,20,3,39,31,38,0,10,125,30,16,125,269,794,41,10,239,28,118,12,16,0,0,33,0,9,4,7,0,0,11,11,14,0,16,0,0,3,17,0,0,0
23,9,17,108,65,30,110,21,50,22,101,0,5,11,57,40,74,33,22,0,87,75,79,11,251,40,64,19,11,4,3,67,22,41,17,41,122,21,10,291,199,718,26,9,197,6,177,3,28,0,0,5,7,6,38,1,0,0,0,3,7,0,93,5,0,10,0,34,23,8
5,21,18,173,17,0,60,85,118,37,5,5,0,58,0,52,107,93,138,40,7,30,79,0,335,15,137,115,44,15,0,115,30,23,81,103,218,37,18,162,265,1006,34,10,221,12,152,3,51,17,0,43,15,20,4,0,1,0,13,32,8,0,84,3,0,23,6,14,18,0
8,30,39,125,9,6,126,28,48,110,0,11,58,0,7,0,64,90,334,71,40,56,130,21,216,45,70,178,85,18,16,116,4,67,29,61,255,35,44,212,348,1118,9,28,290,31,287,14,0,9,0,24,8,7,14,14,0,0,17,31,0,5,81,0,0,0,11,0,25,0
74,26,24,125,67,19,66,31,37,12,104,57,0,7,0,32,68,20,70,0,87,121,241,28,399,64,26,12,16,0,0,116,24,10,21,0,26,22,50,63,89,424,18,39,82,7,87,3,62,1,0,9,0,0,0,0,21,0,4,12,0,4,28,12,0,0,0,5,0,0
69,3,0,16,4,18,67,16,5,0,23,40,52,0,32,0,32,23,5,9,51,41,159,14,358,15,25,26,0,2,15,62,35,15,16,5,106,18,26,75,70,441,25,23,65,9,137,0,37,0,0,11,12,0,3,0,11,0,0,0,35,0,53,0,0,0,10,5,16,3
123,82,93,125,38,20,144,63,43,6,55,74,107,64,68,32,0,8,134,75,82,56,156,55,485,102,133,133,13,26,26,103,31,10,11,54,164,29,79,164,204,1124,82,12,211,30,267,7,52,0,5,91,35,0,0,0,0,16,6,25,14,0,131,2,16,0,0,11,0,29
16,40,19,47,15,3,89,28,29,9,0,33,93,90,20,23,8,0,164,47,22,88,107,63,187,28,68,171,34,2,16,48,9,50,36,85,237,44,27,137,251,788,32,22,114,0,181,0,29,0,0,24,11,2,19,0,9,0,0,0,20,0,48,0,3,0,0,0,0,0
192,83,146,196,69,25,118,77,288,233,62,22,138,334,70,5,134,164,0,409,22,70,223,47,260,119,188,286,158,110,10,81,0,83,132,122,387,138,45,236,362,1033,73,0,255,40,331,19,57,19,46,79,88,0,40,46,18,77,18,30,82,84,129,38,40,59,83,0,18,16
63,14,32,176,18,1,56,24,87,61,4,0,40,71,0,9,75,47,409,0,27,21,86,33,126,55,142,161,128,10,5,48,28,103,27,118,135,28,29,87,198,742,31,14,194,15,212,0,27,17,39,39,5,7,28,0,0,0,52,11,0,25,91,3,2,10,6,0,2,0
27,10,26,88,66,24,89,22,16,0,81,87,7,40,87,51,82,22,22,27,0,175,324,0,523,61,1,97,44,0,27,122,27,23,9,17,150,29,18,65,128,655,18,25,191,34,123,0,25,0,0,17,4,9,0,0,0,10,0,0,0,4,39,3,0,7,33,0,0,0
71,96,22,98,110,50,45,28,24,30,92,75,30,56,121,41,56,88,70,21,175,0,448,46,474,71,46,43,23,10,8,155,51,87,18,12,79,35,6,90,118,718,16,78,192,48,134,7,112,36,13,31,52,5,23,20,5,0,15,0,0,0,49,9,29,6,48,5,34,36
305,77,29,301,197,34,163,139,85,0,219,79,79,130,241,159,156,107,223,86,324,448,0,94,1735,439,121,74,41,15,80,128,106,83,0,94,248,121,121,269,283,833,95,48,289,40,206,76,41,0,27,70,54,53,12,23,0,0,17,0,39,71,75,46,6,71,35,34,0,15
38,6,0,109,0,24,34,0,0,0,0,11,0,21,28,14,55,63,47,33,0,46,94,0,250,68,112,59,14,8,15,29,14,29,11,61,127,29,34,152,210,637,15,4,74,0,154,25,26,0,0,25,12,18,3,0,0,16,0,0,4,0,14,13,0,0,13,27,11,0
482,109,110,456,448,280,352,203,201,126,595,251,335,216,399,358,485,187,260,126,523,474,1735,250,0,627,351,336,102,42,149,333,263,185,47,241,274,238,240,237,170,855,176,177,201,75,116,77,140,34,195,96,121,37,70,105,19,57,29,17,91,70,20,101,124,107,53,83,71,89
89,36,51,31,13,44,73,52,65,52,32,40,15,45,64,15,102,28,119,55,61,71,439,68,627,0,183,122,31,54,12,98,54,27,26,81,215,105,74,120,341,701,68,42,178,7,128,7,97,18,0,55,14,9,0,0,27,15,5,25,0,0,81,24,8,25,31,13,0,0
54,42,76,73,56,39,42,108,124,34,27,64,137,70,26,25,133,68,188,142,1,46,121,112,351,183,0,285,63,44,53,140,77,32,47,77,305,40,30,205,244,913,96,39,178,67,171,1,54,0,16,141,20,25,41,38,4,37,54,44,31,30,98,5,2,19,0,58,47,14
52,103,121,119,52,0,88,103,198,107,13,19,115,178,12,26,133,171,286,161,97,43,74,59,336,122,285,0,126,50,11,126,82,37,16,167,376,44,73,159,452,1110,46,41,321,19,370,31,88,24,72,75,107,54,14,41,15,7,0,48,35,29,51,12,35,0,41,10,27,14
115,4,68,91,19,26,20,47,122,32,0,11,44,85,16,0,13,34,158,128,44,23,41,14,102,31,63,126,0,247,10,122,14,87,210,95,380,71,26,216,557,1276,85,1,296,18,205,16,104,42,25,86,31,51,27,6,46,35,4,86,13,4,110,25,0,0,6,29,8,17
4,0,2,26,0,0,0,6,16,13,20,4,15,18,0,2,26,2,110,10,0,10,15,8,42,54,44,50,247,0,9,59,5,54,49,84,102,0,0,99,146,952,0,24,133,0,63,0,25,0,0,12,14,0,0,0,0,11,0,0,0,0,116,0,0,0,27,0,0,12
22,37,4,15,0,15,11,10,18,2,3,3,0,16,0,15,26,16,10,5,27,8,80,15,149,12,53,11,10,9,0,44,27,30,6,17,56,41,18,44,137,777,17,61,123,0,105,13,49,11,17,1,24,0,0,0,0,44,0,29,12,0,47,0,0,0,0,0,0,0
116,60,114,141,77,43,57,72,220,19,39,67,115,116,116,62,103,48,81,48,122,155,128,29,333,98,140,126,122,59,44,0,165,60,30,107,301,153,86,387,372,1112,57,203,214,45,156,69,120,22,35,55,59,23,38,48,13,47,38,57,42,25,46,14,47,16,25,0,0,13
39,4,34,87,7,26,87,4,0,10,31,22,30,4,24,35,31,9,0,28,27,51,106,14,263,54,77,82,14,5,27,165,0,18,0,68,148,72,124,79,238,872,59,54,212,43,56,19,20,5,0,6,19,0,12,19,37,0,0,0,14,23,104,28,32,54,0,3,12,24
40,13,16,33,19,6,25,12,24,36,38,41,23,67,10,15,10,50,83,103,23,87,83,29,185,27,32,37,87,54,30,60,18,0,7,315,224,10,12,97,191,611,37,21,101,30,147,0,15,16,11,17,14,15,31,10,8,0,0,6,3,1,39,18,0,16,0,0,7,26
19,65,36,124,12,21,34,33,33,32,0,17,81,29,21,16,11,36,132,27,9,18,0,11,47,26,47,16,210,49,6,30,0,7,0,75,181,36,33,111,188,749,49,0,95,14,206,38,28,0,4,35,17,0,28,17,0,61,4,21,48,92,64,6,0,50,23,0,32,25
101,61,10,115,23,15,68,14,63,47,10,41,103,61,0,5,54,85,122,118,17,12,94,61,241,81,77,167,95,84,17,107,68,315,75,0,719,72,56,232,495,1660,102,75,288,6,217,12,77,0,32,97,59,28,0,21,10,34,15,31,11,0,130,2,6,11,0,37,0,0
213,146,187,327,168,67,176,204,341,119,125,122,218,255,26,106,164,237,387,135,150,79,248,127,274,215,305,376,380,102,56,301,148,224,181,719,0,340,118,616,1006,2304,149,222,513,93,346,175,199,91,295,230,241,104,162,233,99,100,133,24,157,93,172,81,105,146,79,106,110,57
47,44,34,30,26,4,25,56,33,26,30,21,37,35,22,18,29,44,138,28,29,35,121,29,238,105,40,44,71,0,41,153,72,10,36,72,340,0,213,366,468,1267,165,70,478,126,196,71,254,0,20,80,40,34,15,20,0,59,0,0,32,34,113,29,6,22,9,49,30,7
30,10,3,88,0,23,19,52,0,0,16,10,18,44,50,26,79,27,45,29,18,6,121,34,240,74,30,73,26,0,18,86,124,12,33,56,118,213,0,210,258,889,100,94,240,99,264,58,47,7,17,17,27,5,29,12,0,16,9,4,26,20,35,33,0,0,0,13,2,46
232,107,103,177,95,28,181,189,238,147,125,291,162,212,63,75,164,137,236,87,65,90,269,152,237,120,205,159,216,99,44,387,79,97,111,232,616,366,210,0,671,1930,243,87,418,144,275,86,345,46,143,252,232,96,47,184,16,167,96,43,99,152,56,114,100,137,94,109,80,67
214,148,300,458,292,117,293,305,409,149,269,199,265,348,89,70,204,251,362,198,128,118,283,210,170,341,244,452,557,146,137,372,238,191,188,495,1006,468,258,671,0,1714,291,283,432,264,322,125,561,226,363,329,429,149,140,416,56,237,249,68,153,174,109,84,64,180,177,99,184,150
982,649,621,1023,810,416,839,874,975,630,794,718,1006,1118,424,441,1124,788,1033,742,655,718,833,637,855,701,913,1110,1276,952,777,1112,872,611,749,1660,2304,1267,889,1930,1714,0,896,980,1145,731,472,600,1341,645,1157,1266,1158,573,323,1104,378,730,419,136,513,776,74,627,508,722,324,531,598,651
47,33,30,60,23,19,38,15,39,2,41,26,34,9,18,25,82,32,73,31,18,16,95,15,176,68,96,46,85,0,17,57,59,37,49,102,149,165,100,243,291,896,0,113,351,124,182,29,156,40,32,78,96,27,40,8,5,56,4,30,23,49,54,48,0,42,19,52,66,63
39,1,0,16,22,14,33,33,8,0,10,9,10,28,39,23,12,22,0,14,25,78,48,4,177,42,39,41,1,24,61,203,54,21,0,75,222,70,94,87,283,980,113,0,327,120,208,60,16,0,30,26,7,10,3,5,0,0,17,0,53,16,68,22,29,3,0,16,44,7
454,153,128,467,150,152,150,183,288,105,239,197,221,290,82,65,211,114,255,194,191,192,289,74,201,178,178,321,296,133,123,214,212,101,95,288,513,478,240,418,432,1145,351,327,0,240,265,250,538,68,212,184,439,91,117,345,90,158,134,60,266,443,28,154,340,317,129,148,188,356
61,9,0,71,18,8,5,11,46,0,28,6,12,31,7,9,30,0,40,15,34,48,40,0,75,7,67,19,18,0,0,45,43,30,14,6,93,126,99,144,264,731,124,120,240,0,233,73,212,0,21,26,3,13,68,4,0,56,0,49,52,138,107,223,60,132,184,29,112,23
374,188,119,322,214,110,169,230,235,175,118,177,152,287,87,137,267,181,331,212,123,134,206,154,116,128,171,370,205,63,105,156,56,147,206,217,346,196,264,275,322,472,182,208,265,233,0,126,536,125,386,350,564,196,204,409,230,450,288,357,105,499,180,256,197,384,272,222,222,424
2,14,40,27,60,7,21,0,45,4,12,3,3,14,3,0,7,0,19,0,0,7,76,25,77,7,1,31,16,0,13,69,19,0,38,12,175,71,58,86,125,600,29,60,250,73,126,0,22,0,0,11,18,16,22,5,0,44,20,30,67,21,70,87,10,43,0,32,16,54
42,13,0,60,19,44,0,39,21,17,16,28,51,0,62,37,52,29,57,27,25,112,41,26,140,97,54,88,104,25,49,120,20,15,28,77,199,254,47,345,561,1341,156,16,538,212,536,22,0,38,84,92,117,11,33,76,11,30,24,20,86,313,202,131,93,164,149,98,119,90
1,0,0,13,8,0,0,32,11,0,0,0,17,9,1,0,0,0,19,17,0,36,0,0,34,18,0,24,42,0,11,22,5,16,0,0,91,0,7,46,226,645,40,0,68,0,125,0,38,0,162,295,203,86,51,49,7,0,29,10,19,14,145,0,0,38,0,0,0,0
16,0,0,13,0,0,66,7,0,8,0,0,0,0,0,0,5,0,46,39,0,13,27,0,195,0,16,72,25,0,17,35,0,11,4,32,295,20,17,143,363,1157,32,30,212,21,386,0,84,162,0,300,433,29,14,42,28,45,15,55,27,62,201,24,4,5,13,29,10,0
0,6,35,57,23,17,32,105,64,19,33,5,43,24,9,11,91,24,79,39,17,31,70,25,96,55,141,75,86,12,1,55,6,17,35,97,230,80,17,252,329,1266,78,26,184,26,350,11,92,295,300,0,597,116,60,286,50,122,213,63,6,26,201,34,45,0,24,21,47,22
14,0,32,120,0,6,58,72,49,17,0,7,15,8,0,12,35,11,88,5,4,52,54,12,121,14,20,107,31,14,24,59,19,14,17,59,241,40,27,232,429,1158,96,7,439,3,564,18,117,203,433,597,0,113,117,312,98,201,92,103,12,28,167,41,0,13,32,21,2,0
41,0,15,18,0,0,15,0,0,0,9,6,20,7,0,0,0,2,0,7,9,5,53,18,37,9,25,54,51,0,0,23,0,15,0,28,104,34,5,96,149,573,27,10,91,13,196,16,11,86,29,116,113,0,0,26,0,36,19,43,10,15,122,26,9,31,15,4,17,0
1,6,11,27,6,3,13,21,74,5,4,38,4,14,0,3,0,19,40,28,0,23,12,3,70,0,41,14,27,0,0,38,12,31,28,0,162,15,29,47,140,323,40,3,117,68,204,22,33,51,14,60,117,0,0,33,33,81,15,48,0,21,101,5,4,53,6,7,0,14
46,3,0,22,2,0,9,8,0,24,7,1,0,14,0,0,0,0,46,0,0,20,23,0,105,0,38,41,6,0,0,48,19,10,17,21,233,20,12,184,416,1104,8,5,345,4,409,5,76,49,42,286,312,26,33,0,28,126,21,82,5,19,273,0,0,0,0,21,7,0
0,24,0,5,5,3,0,0,20,0,0,0,1,0,21,11,0,9,18,0,0,5,0,0,19,27,4,15,46,0,0,13,37,8,0,10,99,0,0,16,56,378,5,0,90,0,230,0,11,7,28,50,98,0,33,28,0,69,20,16,15,0,79,0,0,0,26,23,0,32
2,0,4,37,13,0,25,0,25,22,0,0,0,0,0,0,16,0,77,0,10,0,0,16,57,15,37,7,35,11,44,47,0,0,61,34,100,59,16,167,237,730,56,0,158,56,450,44,30,0,45,122,201,36,81,126,69,0,112,68,0,35,205,20,0,27,0,46,30,0
0,11,0,20,22,0,16,0,11,0,11,0,13,17,4,0,6,0,18,52,0,15,17,0,29,5,54,0,4,0,0,38,0,0,4,15,133,0,9,96,249,419,4,17,134,0,288,20,24,29,15,213,92,19,15,21,20,112,0,52,30,20,274,0,0,6,0,0,6,36
7,45,5,55,10,0,14,19,9,21,11,3,32,31,12,0,25,0,30,11,0,0,0,0,17,25,44,48,86,0,29,57,0,6,21,31,24,0,4,43,68,136,30,0,60,49,357,30,20,10,55,63,103,43,48,82,16,68,52,0,15,18,55,9,19,22,38,14,14,27
20,0,3,3,0,0,28,0,0,0,14,7,8,0,0,35,14,20,82,0,0,0,39,4,91,0,31,35,13,0,12,42,14,3,48,11,157,32,26,99,153,513,23,53,266,52,105,67,86,19,27,6,12,10,0,5,15,0,30,15,0,11,124,91,68,94,19,6,120,39
12,7,23,11,13,0,50,0,0,1,0,0,0,5,4,0,0,0,84,25,4,0,71,0,70,0,30,29,4,0,0,25,23,1,92,0,93,34,20,152,174,776,49,16,443,138,499,21,313,14,62,26,28,15,21,19,0,35,20,18,11,0,259,30,0,33,32,141,13,0
88,105,61,160,87,28,76,98,136,42,16,93,84,81,28,53,131,48,129,91,39,49,75,14,20,81,98,51,110,116,47,46,104,39,64,130,172,113,35,56,109,74,54,68,28,107,180,70,202,145,201,201,167,122,101,273,79,205,274,55,124,259,0,67,76,205,74,122,120,202
1,0,7,61,0,0,0,0,0,5,0,5,3,0,12,0,2,0,38,3,3,9,46,13,101,24,5,12,25,0,0,14,28,18,6,2,81,29,33,114,84,627,48,22,154,223,256,87,131,0,24,34,41,26,5,0,0,20,0,9,91,30,67,0,71,93,83,39,99,2
6,0,3,0,0,9,9,0,0,0,0,0,0,0,0,0,16,3,40,2,0,29,6,0,124,8,2,35,0,0,0,47,32,0,0,6,105,6,0,100,64,508,0,29,340,60,197,10,93,0,4,45,0,9,4,0,0,0,0,19,68,0,76,71,0,56,12,0,31,0
0,0,26,63,11,20,3,52,5,0,3,10,23,0,0,0,0,0,59,10,7,6,71,0,107,25,19,0,0,0,0,16,54,16,50,11,146,22,0,137,180,722,42,3,317,132,384,43,164,38,5,0,13,31,53,0,0,27,6,22,94,33,205,93,56,0,29,21,181,87
56,12,0,50,0,0,15,3,29,0,17,0,6,11,0,10,0,0,83,6,33,48,35,13,53,31,0,41,6,27,0,25,0,0,23,0,79,9,0,94,177,324,19,0,129,184,272,0,149,0,13,24,32,15,6,0,26,0,0,38,19,32,74,83,12,29,0,68,61,8
13,0,0,27,8,0,18,0,38,0,0,34,14,0,5,5,11,0,0,0,0,5,34,27,83,13,58,10,29,0,0,0,3,0,0,37,106,49,13,109,99,531,52,16,148,29,222,32,98,0,29,21,21,4,7,21,23,46,0,14,6,141,122,39,0,21,68,0,55,53
12,0,0,31,0,0,18,28,36,0,0,23,18,25,0,16,0,0,18,2,0,34,0,11,71,0,47,27,8,0,0,0,12,7,32,0,110,30,2,80,184,598,66,44,188,112,222,16,119,0,10,47,2,17,0,7,0,30,6,14,120,13,120,99,31,181,61,55,0,59
15,0,0,22,4,0,22,14,6,0,0,8,0,0,0,3,29,0,16,0,0,36,15,0,89,0,14,14,17,12,0,13,24,26,25,0,57,7,46,67,150,651,63,7,356,23,424,54,90,0,0,22,0,0,14,0,32,0,36,27,39,0,202,2,0,87,8,53,59,0
